46 6 0
60 14 0
24 16 1
39 44 0.5
60 53 1
71 17 0
16 32 0.5
75 18 0.5
37 24 0.5
46 69 1
47 28 0.5
29 26 0.5
57 8 1
78 50 1
55 70 1
19 34 0
42 13 1
39 40 1
41 68 0.5
40 38 1
12 10 1
36 76 0
26 12 1
52 70 1
17 70 1
72 35 1
56 15 1
47 15 0
65 74 0
39 27 0.5
17 64 0.5
8 50 1
7 39 0
21 65 0
29 35 1
6 65 0
38 41 0
28 76 0
73 19 0.5
34 25 1
41 28 1
62 3 1
30 74 1
40 12 1
37 71 0
3 31 0.5
74 70 0.5
17 44 0.5
60 26 0
71 48 1
80 9 0
5 61 0.5
25 32 0
56 41 0
14 70 1
77 64 1
3 68 0.5
77 52 1
9 24 1
70 66 0
27 2 0.5
52 64 0
25 60 0
28 73 0.5
23 44 0.5
9 39 0.5
4 16 1
73 27 0
4 3 1
13 30 0
49 26 0
19 12 0.5
52 70 0
73 19 0.5
6 22 0.5
44 59 0.5
32 65 0.5
25 75 1
35 64 0
28 79 1
34 15 0.5
35 56 0
50 55 0.5
12 20 0
22 79 0
29 76 0
50 31 1
60 13 1
19 5 0.5
61 42 0
64 7 0
21 60 0
72 68 1
40 18 0.5
5 1 0.5
9 25 0.5
43 70 1
39 76 1
14 39 1
39 10 1
6 46 1
37 36 1
45 14 0
71 56 0.5
15 71 1
79 70 0.5
38 56 1
4 14 0.5
52 26 0.5
23 3 1
36 1 0
33 78 0.5
8 1 0.5
75 59 0
15 40 1
37 75 1
63 32 0.5
16 47 0
43 23 0.5
78 23 1
29 72 0.5
60 74 0
13 12 0
76 58 1
23 42 0
27 31 1
17 24 0
10 22 1
34 37 1
24 7 0.5
31 37 1
49 65 0
14 36 0
73 71 0
38 58 0
34 60 1
64 15 1
10 31 0
35 79 1
69 35 0.5
36 7 1
44 7 0
32 48 0
49 32 1
78 42 0.5
1 29 1
23 66 1
20 19 0.5
27 61 0.5
2 74 0.5
33 5 0
80 30 1
76 68 0
6 63 1
57 24 0.5
70 23 0.5
64 19 0.5
37 44 0
44 35 0.5
36 41 0
72 24 0.5
79 40 0.5
49 19 1
30 78 1
80 76 0
42 72 1
49 33 0.5
55 27 0
80 52 1
79 62 0
73 43 1
38 51 0
26 12 1
26 66 0.5
49 78 1
47 41 1
58 78 0.5
29 75 0
10 17 1
48 37 0.5
47 72 1
34 72 0
37 49 1
56 34 0.5
44 16 1
80 37 0
40 36 0.5
58 70 0
51 65 0
2 40 0.5
20 71 1
78 20 0
27 10 0
23 2 0
49 68 0
19 61 0.5
71 76 1
10 15 0
9 64 1
44 31 0
33 21 0.5
13 76 0.5
62 10 1
21 76 0.5
16 75 0.5
56 26 0
39 5 1
17 60 0.5
62 11 1
43 68 0
32 7 0.5
22 65 0.5
49 9 0.5
79 8 0.5
61 54 0
46 16 0
5 32 0.5
16 20 1
58 46 0
71 54 0
19 35 0
56 12 0
40 36 1
44 16 0
50 76 0.5
77 44 0.5
46 43 1
29 41 0.5
8 49 0.5
17 25 0
68 76 1
69 5 0
53 60 1
48 65 0
8 34 1
75 8 1
59 62 0
65 39 1
20 4 0.5
6 20 1
18 20 0.5
20 18 1
71 3 0.5
32 63 0.5
45 14 0.5
71 59 0
69 74 0
21 57 1
14 65 1
26 32 1
6 9 1
12 1 0.5
22 1 0
13 75 1
48 45 1
41 30 0
63 11 0.5
80 51 0
39 67 1
41 29 0
42 50 0.5
63 29 0
43 26 0
71 24 0.5
69 12 0
78 47 0.5
56 40 0.5
7 28 0.5
26 12 0
74 2 0
33 71 0.5
26 30 0
56 55 0
75 43 0.5
73 7 0
12 61 0
2 56 0.5
8 42 0
8 52 0.5
12 1 0.5
2 77 1
46 1 0
67 23 1
41 79 0
42 75 0.5
80 17 0.5
45 67 1
50 52 0.5
60 41 0.5
68 49 1
65 36 0.5
71 52 0
73 67 0
74 52 1
67 5 0.5
33 48 0
4 8 0
4 42 1
60 68 1
71 24 1
24 9 0.5
60 77 1
37 72 0.5
26 61 0.5
60 25 0
51 27 0
13 2 1
11 72 0
61 11 1
10 55 0
65 45 1
48 6 0
7 58 1
42 31 0.5
33 54 0.5
80 15 0
52 27 0
30 41 1
7 80 1
68 4 0.5
46 17 1
25 50 1
48 64 0.5
12 75 0.5
49 12 0
66 19 0
10 68 0.5
78 45 0.5
7 54 0
22 50 0.5
11 77 0.5
57 49 1
38 7 0
33 13 0.5
10 79 1
35 47 0.5
3 66 1
43 68 0
50 37 0
27 24 1
12 24 1
42 32 0.5
47 23 0
55 4 1
60 74 0.5
32 65 1
34 49 1
44 35 0.5
8 68 1
40 79 0.5
30 67 0
51 20 0
22 37 0
8 66 0.5
29 56 1
33 18 0.5
2 5 0
35 71 0
55 79 0
43 20 0
77 13 0.5
14 25 0.5
58 69 1
55 25 0
8 30 0
76 35 0
13 56 0.5
46 3 1
26 74 0
72 50 1
25 62 0.5
17 3 0.5
65 7 0.5
1 55 0
61 31 1
10 9 0.5
70 20 0
54 3 0.5
54 29 0
32 50 1
79 2 1
66 72 0
8 42 0
3 2 1
25 33 0.5
35 72 1
48 24 0
54 17 0
71 3 1
32 57 1
60 55 1
12 58 0.5
66 13 0.5
27 13 0
78 26 0
35 38 1
6 49 0.5
40 37 0
43 55 1
29 75 0.5
71 62 0.5
46 52 0
3 72 1
13 48 0
37 54 1
16 2 0.5
56 24 0
58 69 1
41 51 1
8 45 0.5
47 55 0
7 71 0
16 36 0.5
67 70 1
60 15 1
48 41 1
16 10 0.5
54 78 0
15 75 0.5
49 51 1
61 6 0.5
49 18 0
76 74 0.5
18 61 0.5
5 58 0.5
48 59 0
65 10 1
57 43 0.5
15 74 1
4 76 0.5
59 40 0
60 55 0
41 52 0.5
1 18 1
24 15 0
44 19 0
20 50 0.5
12 46 0.5
30 47 1
80 45 0
69 42 0
78 10 0.5
18 71 1
61 12 1
56 71 1
70 51 0.5
26 60 0.5
6 25 0
56 59 0
39 51 0
29 43 1
52 62 0.5
64 48 1
73 9 0.5
14 44 0
40 57 0
77 52 0
79 61 0.5
42 66 0
5 80 0
62 63 1
46 37 0
62 17 1
59 2 1
25 38 1
73 50 0.5
19 64 0
74 47 0
20 5 1
67 62 0
11 17 0.5
52 45 0
43 9 0
25 56 0.5
71 60 0.5
63 46 0
64 2 0
37 34 1
61 15 0.5
51 74 0.5
2 62 0
75 68 0
77 57 0
46 45 1
21 20 0
18 5 1
54 80 0.5
43 1 0.5
9 47 0
31 76 0.5
71 22 1
37 33 0.5
48 60 0
33 57 1
77 29 0
24 3 0
76 62 0
70 30 0.5
19 61 0.5
33 62 0.5
31 30 0
48 76 1
16 19 0.5
47 2 0
27 14 0
26 77 1
79 60 1
16 38 1
74 7 0.5
75 44 0.5
25 2 1
40 36 0.5
15 27 0
28 72 0
17 67 1
65 47 0.5
53 11 0
47 19 1
60 48 0
68 60 1
65 60 0
34 21 0
14 59 0
60 14 1
53 8 0
63 44 1
31 56 1
63 79 0.5
15 14 1
16 71 0
70 49 0
30 16 0.5
37 19 0.5
23 57 0
32 2 0.5
4 78 0.5
77 37 0.5
39 1 0
42 74 0.5
37 32 1
7 26 1
39 76 1
78 50 0.5
14 59 1
47 39 0
35 54 0.5
25 32 1
80 26 0.5
40 33 1
33 69 1
73 54 0.5
18 74 1
29 75 0.5
36 42 1
55 9 0.5
4 38 0
59 39 0.5
29 53 0.5
44 69 0.5
7 15 0
72 15 0
35 30 1
68 8 1
18 47 1
54 44 0
52 73 0
76 75 0.5
62 27 1
63 26 1
51 21 0
60 80 0
12 43 1
26 62 0.5
51 35 1
42 43 0.5
29 10 0.5
68 19 0
9 12 0.5
37 15 0
72 50 0
11 48 0
58 36 0
39 51 0.5
41 4 0.5
30 38 0.5
65 5 1
1 76 1
70 73 1
17 79 1
57 3 0.5
4 25 1
38 58 1
74 65 0.5
49 69 0.5
6 48 0
49 1 0
45 6 1
5 1 0.5
18 11 0.5
25 18 0
60 39 0.5
32 10 1
20 36 1
53 20 1
52 29 0.5
45 52 1
67 10 1
49 10 0
25 53 0.5
51 54 0
34 23 1
64 40 0
13 55 0
30 34 0.5
65 69 1
30 13 1
69 16 1
35 72 1
41 18 1
62 39 0.5
14 33 1
35 10 0.5
60 6 0.5
17 40 0.5
42 62 0
22 73 0
2 23 0
11 15 1
67 36 1
12 19 1
77 69 0
68 63 0.5
34 2 0.5
45 33 0.5
2 31 0
74 69 0.5
24 75 1
78 18 0
35 30 0
39 48 0
45 76 1
63 32 0.5
48 61 0.5
9 56 1
41 58 0.5
14 66 0
79 63 0
72 67 0.5
33 2 0.5
29 17 0
26 14 0
53 26 1
61 7 0
71 41 1
55 44 0
25 51 1
32 67 0
58 29 0.5
78 15 0.5
73 56 0
67 40 0.5
68 76 0
45 36 1
33 59 0
61 53 1
68 65 0
44 56 0.5
6 57 0
37 20 0.5
30 71 1
2 36 0
8 41 0
58 57 0
16 69 0.5
32 25 1
80 37 0
76 67 1
68 30 0.5
45 73 0.5
44 51 0.5
49 24 0.5
33 54 1
46 15 1
26 10 0
28 9 0.5
73 75 0.5
4 20 0
79 24 0
68 26 1
25 19 0
15 34 1
3 12 0
49 76 0
8 47 0
76 28 0
7 79 1
28 45 0
73 20 0
60 26 0
44 65 0
30 8 0.5
54 15 0.5
73 48 0.5
48 71 0.5
78 8 1
72 64 0
55 44 0.5
7 10 0
9 56 0.5
32 30 0
68 34 0
64 67 0.5
50 16 1
75 57 1
27 29 0
75 8 1
46 41 0
36 46 1
39 15 0
39 75 1
70 38 0.5
24 31 0.5
61 45 0.5
76 12 1
28 36 1
13 69 1
4 60 0
22 13 0.5
38 34 0.5
53 79 0
43 55 1
22 35 0
34 37 0
51 37 1
37 75 0.5
34 73 0.5
64 46 0
33 60 0
13 52 0
76 3 1
46 56 0
36 66 1
19 79 0
51 36 0
68 69 0.5
65 64 0
2 49 1
34 77 0.5
38 52 0
79 55 0.5
31 57 0
53 1 0
1 75 0
20 15 1
43 40 0
51 1 0
26 77 1
30 48 0
28 54 0.5
4 1 1
40 27 0.5
35 26 0
30 66 0.5
63 55 0.5
22 18 0.5
44 71 0
26 37 0
64 20 1
15 31 0.5
33 70 1
55 21 0.5
50 53 0.5
41 18 0.5
57 69 0.5
16 30 0.5
25 49 1
7 60 0
69 49 0.5
58 2 1
20 24 0
10 31 0
34 22 0.5
7 70 1
34 30 0.5
63 65 0
63 78 0
20 31 0
49 74 0.5
58 33 1
44 26 0
1 53 0.5
4 67 1
57 58 0
6 31 1
78 76 0.5
53 14 1
6 62 0.5
5 55 0
64 45 1
15 11 0
23 66 0
33 15 0.5
20 36 0.5
10 53 1
64 60 0.5
58 41 0.5
15 33 0.5
68 4 0.5
27 42 1
3 40 0.5
25 3 0
63 75 0
61 13 0.5
8 30 0.5
11 75 0.5
73 16 0
49 77 0
79 53 0
71 8 0
2 75 1
72 57 0
71 79 1
39 16 0
35 76 1
79 1 0
14 12 0.5
73 56 0.5
20 61 1
69 28 0
18 52 1
7 30 0
31 25 0
74 29 0.5
43 29 1
57 37 1
57 17 1
42 75 1
76 47 0.5
59 62 0
45 24 0.5
70 28 0.5
19 39 0
4 12 1
13 65 1
56 25 0
31 76 0.5
57 80 1
9 7 1
16 4 1
22 25 0
62 66 1
35 12 0.5
68 34 1
76 19 1
65 45 0.5
59 14 0
21 52 0
68 3 0.5
42 43 0.5
21 62 0.5
30 3 0
1 17 0.5
79 35 1
67 11 0
26 40 0.5
1 58 0
13 32 0
51 2 0
67 80 1
30 50 0
61 4 1
50 79 0.5
45 75 0.5
1 50 0
40 46 0.5
22 37 1
2 69 0
63 55 1
22 56 0.5
27 56 0.5
44 76 0
10 55 0
71 18 0
23 7 0
20 53 1
26 73 1
40 39 1
59 52 0.5
80 14 1
9 52 0.5
36 43 0
21 22 0.5
5 7 1
23 55 0
1 66 0.5
41 33 0.5
49 5 1
46 75 1
3 41 0
11 24 0.5
69 39 1
43 63 0.5
36 30 0.5
59 23 0.5
47 8 0.5
60 66 0.5
7 27 0
37 77 1
63 25 1
12 46 1
74 3 0.5
53 80 1
18 80 0.5
57 78 1
2 20 1
62 22 0
73 17 1
25 28 0.5
62 13 0.5
69 13 0.5
76 68 0
27 36 0.5
75 19 0.5
80 47 0.5
53 29 1
61 77 0.5
28 57 0
13 80 0
64 50 1
48 27 0
6 45 1
71 72 0
39 55 1
21 18 1
19 74 0
51 61 1
68 31 0
69 25 0
32 9 0.5
73 68 0.5
28 17 0
28 38 1
17 80 1
45 73 0.5
52 68 0
39 73 0
23 33 1
80 44 0.5
49 29 0
1 5 0.5
18 3 1
25 72 0.5
10 72 0
68 40 0.5
2 64 0
27 77 1
3 2 0.5
75 59 0.5
20 51 1
35 33 0
42 77 0
45 57 0
9 3 0.5
54 67 1
43 8 0
24 11 0.5
76 27 0.5
18 43 0
48 2 0
52 5 0
42 11 1
53 25 0.5
45 37 0
68 48 1
50 23 1
59 68 0.5
13 25 0
40 49 1
52 42 0
70 41 0
61 75 0.5
14 2 0
28 45 0.5
74 72 1
56 38 1
24 39 1
9 57 1
76 48 0.5
30 75 0.5
12 75 0.5
66 52 0
55 10 0.5
49 76 0.5
57 25 0.5
2 49 0.5
19 72 0.5
30 55 1
27 50 0.5
6 11 0
43 7 1
71 78 1
69 48 0.5
58 51 0
5 20 0
39 25 0.5
17 40 0
42 49 1
80 12 1
33 79 1
1 8 0.5
15 54 0.5
35 37 0
61 42 0.5
20 1 1
59 69 0.5
76 1 1
50 8 1
39 58 0
62 71 0.5
38 32 0.5
62 17 0
26 7 1
28 70 0.5
34 15 0
20 26 1
23 61 0.5
7 66 1
28 54 0.5
64 25 0
53 18 1
10 13 0.5
63 56 0.5
11 50 1
80 53 1
51 22 0.5
59 14 0
28 79 0.5
44 5 0.5
1 51 0.5
10 76 1
28 6 0.5
14 55 0.5
77 27 1
50 11 0
34 20 0
43 14 0.5
42 26 0.5
52 2 1
44 61 0.5
24 7 0.5
29 49 0
44 55 1
28 1 0.5
8 4 1
26 15 1
26 28 0.5
27 52 0
68 57 0.5
65 56 0
5 30 0
38 15 0.5
77 53 0.5
77 62 0
67 13 0.5
65 16 1
37 68 1
10 71 1
65 67 1
79 14 1
73 50 0
38 39 0
44 3 1
70 53 0
79 78 0
73 27 0
78 65 0
71 80 0
27 74 0
78 8 0
13 9 0.5
28 68 0.5
73 45 1
25 75 0.5
61 45 0.5
39 61 0.5
44 6 0.5
41 64 1
57 33 0.5
9 66 0.5
45 61 0.5
8 10 1
40 52 0
24 27 1
4 22 1
29 62 0.5
54 37 0.5
67 72 0
9 4 0
53 4 1
39 19 0.5
67 77 0.5
36 74 1
44 38 0
31 39 0
1 35 0.5
16 26 0.5
42 53 1
18 71 1
73 41 0.5
20 52 1
7 39 1
23 30 0
49 41 1
3 41 1
23 27 0.5
5 78 0
10 12 0.5
33 26 0
56 79 1
60 6 0.5
37 52 1
61 25 0.5
31 13 0.5
15 6 0.5
2 73 0.5
26 60 1
61 45 0
37 77 1
19 29 1
11 1 0
29 31 0
71 78 0.5
78 34 0.5
65 46 0.5
37 44 0
15 36 1
59 27 0
47 8 0
44 50 0.5
54 46 1
76 78 1
33 8 0.5
43 55 0.5
12 9 0.5
44 22 0
17 74 0.5
34 3 0
31 68 0
34 71 0
55 30 1
74 72 0
60 56 0
42 60 1
15 69 0
36 71 1
11 36 0
39 5 0
65 53 0.5
67 14 0
48 54 0
42 17 0
12 63 1
10 77 1
43 72 1
34 20 0
71 34 1
48 3 1
13 80 0.5
30 15 1
42 74 0
5 11 0
4 53 0
29 18 1
40 72 0
42 77 1
75 13 0.5
16 20 0
28 70 0
60 10 1
35 4 0.5
28 58 1
79 52 1
17 64 1
21 18 1
34 24 0
49 34 0
13 73 1
74 41 0.5
80 58 0.5
7 23 1
37 12 0
80 43 0
27 15 1
9 31 0
78 1 1
28 76 1
32 61 1
69 3 1
25 52 0
27 1 1
42 12 1
40 63 1
48 74 0
32 42 0.5
25 24 1
27 9 0.5
4 52 0.5
58 52 1
29 47 0.5
17 46 0
60 46 0.5
35 72 0.5
80 50 0.5
52 18 1
65 17 0.5
11 67 0
52 31 1
9 33 1
15 42 1
20 53 1
44 55 1
18 15 0.5
37 77 0.5
5 43 0
78 57 0.5
44 22 0.5
17 24 0
9 25 0.5
17 73 1
42 52 0.5
69 76 0
43 45 1
47 45 0.5
71 35 0
40 65 0.5
20 30 1
9 62 0
19 28 1
55 32 1
47 4 0.5
67 15 0
9 68 0.5
57 72 1
64 48 0
41 22 0
37 80 0.5
27 60 0.5
53 62 0
4 23 0
14 24 0
49 36 0
30 64 1
48 69 1
17 78 0
74 17 0.5
73 54 1
57 19 1
40 44 0
16 59 0.5
72 30 0
38 9 0.5
5 16 0
65 48 0
10 53 0
74 2 0.5
49 2 1
44 28 0
7 54 0.5
13 69 0.5
20 48 1
26 79 1
45 36 1
7 37 0.5
11 24 0.5
66 16 0.5
32 78 0
38 3 1
32 31 0
62 34 0.5
28 78 1
22 19 0.5
26 61 1
59 56 1
52 2 0.5
2 33 1
63 43 1
63 9 0
68 25 0.5
11 33 0.5
36 49 0
8 56 1
10 7 0.5
31 66 0.5
27 17 0
8 45 0
22 18 1
58 21 1
60 23 0
50 29 0
23 45 1
29 51 1
48 13 1
44 79 1
38 62 0
64 47 1
39 55 0.5
77 5 0
59 65 0
24 46 0
4 74 0.5
41 24 0.5
65 5 1
29 9 0.5
43 36 0
9 63 0.5
45 56 0.5
29 66 1
49 17 0.5
13 44 0.5
30 35 1
18 28 0.5
53 75 1
16 28 0.5
41 42 0
10 2 1
64 30 0
34 66 0
61 75 0
24 10 1
1 37 1
55 13 1
35 32 1
31 27 0
34 21 1
40 69 1
52 39 1
14 45 0
39 38 0.5
38 51 0.5
3 43 1
29 49 0
70 11 0.5
58 41 1
61 13 0
51 54 0
35 5 1
57 19 0
36 62 0
26 31 0.5
16 54 0.5
31 66 0
9 38 0.5
36 22 1
14 30 1
58 27 0
26 63 0
30 76 1
50 33 0
5 17 0.5
31 28 1
60 19 0.5
67 49 0
46 71 0
4 23 1
5 72 0
44 54 1
73 29 0
50 74 0
8 43 0
28 2 1
32 24 0.5
53 48 1
40 24 0
75 49 0.5
50 37 1
32 19 1
51 5 0.5
31 71 0.5
38 53 1
78 55 1
22 66 1
77 16 0.5
30 29 1
40 35 0
57 55 0
58 71 0
38 45 1
57 73 1
32 79 1
2 1 0.5
77 57 1
28 68 1
6 8 0.5
61 42 0
24 33 0.5
80 54 0
47 17 0
17 47 1
33 72 0.5
52 6 0.5
16 50 1
3 80 0
59 75 0
13 45 0
76 16 0
78 6 0
44 17 0
10 22 0
6 54 0.5
52 41 0
73 6 0.5
78 16 0
15 45 1
19 65 1
80 66 1
17 40 0.5
40 21 0.5
41 7 0.5
70 53 0.5
8 56 0
68 1 0
3 26 1
30 16 1
27 53 0.5
68 76 0.5
61 25 0.5
8 5 1
46 31 0
13 52 1
43 39 0.5
37 66 0
48 32 1
42 12 0.5
46 51 0.5
46 3 0.5
18 62 0
46 15 0.5
25 31 0
6 54 0
33 34 0.5
54 36 0.5
10 61 0
34 50 0
70 19 1
18 58 0.5
33 7 0.5
43 65 1
51 43 0
37 65 0.5
60 48 0
41 74 1
21 57 1
75 29 0
38 5 0.5
44 3 0
8 27 1
50 67 0
48 17 1
70 32 0.5
78 55 1
2 44 0
28 45 1
52 7 0.5
3 12 0
31 58 0
80 48 0.5
35 36 0
56 10 1
7 56 1
32 17 0
33 29 0.5
43 78 0
36 14 0
7 25 1
74 68 1
45 48 0
51 46 1
45 54 0.5
68 12 0.5
40 79 0.5
15 75 0.5
9 40 0
57 38 0
73 14 1
68 40 0.5
44 61 0.5
63 56 0
47 67 0
36 51 0.5
56 78 0.5
10 4 0
63 13 0.5
26 29 0.5
69 67 1
8 12 0.5
64 47 0
4 51 0.5
51 29 0.5
7 28 0
41 53 1
75 33 0
49 53 1
71 24 1
70 59 0
49 21 1
52 16 1
76 58 0.5
79 59 1
36 10 1
70 68 0
24 35 0.5
66 75 0.5
5 70 1
72 66 0
59 43 0.5
46 27 1
61 13 0.5
46 3 1
17 14 0
53 49 1
47 66 0.5
80 76 0
63 30 0.5
36 31 0.5
62 31 0
26 12 1
46 39 0.5
56 35 0
52 23 1
77 4 1
11 70 1
56 15 0
5 66 0
66 25 0
1 27 0
26 57 0
37 43 0.5
71 5 1
64 74 0.5
21 30 0
49 65 0
77 1 1
41 46 0
78 49 0.5
80 29 0.5
18 62 0.5
24 66 1
72 65 0.5
48 27 0
8 52 0.5
31 2 1
69 79 0.5
33 45 0.5
59 2 0.5
28 3 1
36 30 0
34 51 0.5
42 47 0.5
41 70 0.5
4 57 0
58 65 0
68 80 1
30 11 0.5
39 27 0.5
23 76 0
11 46 0
49 54 0.5
69 15 1
10 16 0
18 16 0
6 23 0
55 51 0.5
80 61 0.5
44 42 0
75 68 0.5
61 66 0.5
77 70 1
51 3 0
36 41 0.5
12 22 1
36 46 0
36 5 1
55 48 0.5
53 80 0.5
51 77 0.5
2 26 0
38 51 0.5
4 66 0.5
9 68 0.5
68 4 0.5
54 7 0
53 62 1
33 15 1
27 22 0
16 46 0
12 4 1
72 33 1
76 67 0.5
14 50 1
13 75 0.5
