1 21.500000 14
2 19.500000 12
3 18.000000 12
4 18.000000 11
5 14.000000 8
6 15.500000 9
7 23.000000 17
8 21.000000 14
9 21.000000 9
10 17.000000 12
11 14.500000 9
12 23.500000 16
13 18.000000 8
14 19.000000 16
15 26.000000 19
16 20.500000 13
17 24.000000 17
18 17.500000 11
19 15.500000 8
20 29.000000 26
21 9.000000 6
22 13.500000 8
23 12.000000 9
24 23.500000 15
25 27.000000 19
26 28.500000 22
27 25.500000 19
28 22.500000 14
29 23.500000 15
30 34.000000 27
31 21.500000 16
32 17.000000 10
33 21.000000 9
34 15.500000 9
35 19.500000 14
36 22.500000 17
37 27.000000 20
38 13.500000 8
39 20.500000 13
40 22.500000 13
41 21.500000 14
42 25.000000 18
43 20.000000 14
44 23.000000 13
45 21.500000 13
46 22.000000 18
47 14.000000 8
48 24.500000 20
49 21.000000 14
50 16.500000 10
51 16.000000 8
52 24.000000 17
53 21.000000 16
54 18.000000 10
55 21.000000 15
56 19.000000 12
57 24.000000 20
58 16.500000 12
59 14.000000 9
60 21.500000 15
61 20.000000 7
62 26.500000 20
63 13.000000 7
64 15.000000 12
65 26.500000 20
66 15.500000 9
67 14.500000 11
68 28.000000 17
69 14.500000 8
70 11.000000 5
71 25.000000 20
72 18.500000 14
73 16.000000 8
74 21.000000 12
75 21.000000 8
76 25.000000 17
77 14.500000 9
78 20.500000 13
79 16.500000 11
80 18.000000 11
